schema = 1

[meta]
name = "Organ Morgan"
author = "Vulpus Labs"

[performance]
key_mode = "Dual"
split_point = 60

[performance.global]
chorus_depth = 0.4000000059604645
chorus_mix = 0.3499999940395355
chorus_on = false
chorus_rate = 0.44999998807907104
delay_feedback = 0.8448399901390076
master_drift = 0.21410472691059113
master_volume = 0.24540752172470093
oversample = "8x"
reverb_damp = 0.44999998807907104
reverb_decay = 1.2000000476837158
reverb_mix = 0.15000000596046448
reverb_on = true
reverb_size = 0.30000001192092896

[performance.upper]
cutoff = 16000.0
drive = 1.954853892326355
env2_decay = 0.15893690288066864
env2_release = 0.047642920166254044
env2_sustain = 0.7786634564399719
layer_level = 0.8672483563423157
noise_color = "Pink"
noise_level = 0.08778505027294159
osc1_wave = "Sine"
osc2_octave = 1
osc2_wave = "Sine"
resonance = 0.0
unison_detune = 2.3416385650634766

[performance.lower]
cutoff = 16000.0
drive = 1.9663318395614624
env2_attack = 0.015440499410033226
env2_decay = 2.5126192569732666
env2_release = 0.008818973787128925
env2_sustain = 0.4884396195411682
layer_level = 0.7174612879753113
osc1_coarse = 7
osc1_level = 0.5114020109176636
osc1_octave = 1
osc1_wave = "Sine"
osc2_coarse = 4
osc2_fine = -22.735431671142578
osc2_level = 0.37072423100471497
osc2_octave = 2
osc2_wave = "Sine"
resonance = 0.0
unison_detune = 2.3025760650634766
