schema = 1

[meta]
name = "Tiney Dancer"
author = "Vulpus Labs"

[performance]
key_mode = "Dual"
split_point = 60

[performance.global]
chorus_depth = 0.5399599075317383
chorus_on = false
chorus_rate = 1.048785924911499
delay_feedback = 0.8083324432373047
delay_mix = 0.3534628450870514
delay_sync = true
delay_time = 0.7423838973045349
lfo2_rate = 12.226510047912598
lfo2_shape = "Saw-"
lfo2_sync = true
limiter_on = true
master_drift = 0.39706504344940186
master_volume = 0.3015202581882477
oversample = "8x"
phaser_depth = 0.7639886140823364
phaser_fb = 0.5094805955886841
phaser_rate = 0.14207491278648376
reverb_damp = 0.3028399348258972
reverb_decay = 5.0
reverb_mix = 0.3499999940395355
reverb_on = true
reverb_size = 0.699999988079071

[performance.upper]
cross_mod_amount = 1.2970861196517944
cross_mod_type = "FM"
cutoff = 1003.6304321289063
env1_attack = 0.0010000000474974513
env1_decay = 1.0256041288375854
env1_release = 0.048874638974666595
env2_attack = 0.0010000000474974513
env2_sustain = 0.0
filter_key_track = 1.0
filter_slope = "12"
hpf_cutoff = 207.39044189453125
osc1_wave = "Sine"
osc2_coarse = 3
osc2_level = 0.0
osc2_octave = 3
osc2_wave = "Sine"
pitch_lfo_depth = 0.0
resonance = 0.0
unison_detune = 3.054265260696411

[performance.lower]
cutoff = 16000.0
env2_attack = 0.0010000000474974513
env2_decay = 1.7666456699371338
env2_release = 1.8573671579360962
env2_sustain = 0.0
lfo1_delay_time = 0.5033783912658691
lfo1_fade = 0.5969172120094299
osc1_wave = "Sine"
osc2_level = 0.7908572554588318
osc2_octave = 0
osc2_wave = "Sine"
pitch_lfo_depth = 0.15781116485595703
