schema = 1

[meta]
name = "Boofy Summers"
author = "Vulpus Labs"

[performance]
key_mode = "Whole"
split_point = 60

[performance.global]
chorus_on = false

[performance.upper]
assign_mode = "Solo"
cutoff = 50.0
cutoff_env_depth = 60.0
drive = 1.5
env1_decay = 0.4000000059604645
env2_attack = 0.003000000026077032
env2_decay = 0.550000011920929
env2_release = 0.15000000596046448
env2_sustain = 0.5
filter_key_track = 0.699999988079071
legato = true
osc2_fine = 6.0
osc2_level = 0.699999988079071
osc2_octave = 0
portamento_time = 0.03999999910593033
resonance = 0.44999998807907104
sub_level = 0.6499999761581421

[performance.lower]
