schema = 1

[meta]
name = "Superlative Saws"
author = "Vulpus Labs"

[performance]
key_mode = "Whole"
split_point = 60

[performance.global]
chorus_depth = 0.4000000059604645
chorus_mix = 0.3499999940395355
chorus_on = false
chorus_rate = 0.44999998807907104
delay_feedback = 0.8448399901390076
master_drift = 0.3020481467247009
master_volume = 0.24540752172470093
reverb_damp = 0.44999998807907104
reverb_decay = 1.2000000476837158
reverb_mix = 0.15000000596046448
reverb_on = true
reverb_size = 0.30000001192092896

[performance.upper]
assign_mode = "Unison"
cutoff = 97.99885559082031
cutoff_env_depth = 28.439186096191406
cutoff_tuned = true
env2_attack = 0.0010000000474974513
env2_decay = 0.0010000000474974513
env2_sustain = 1.0
filter_key_track = 1.0
legato = true
mod_wheel_cutoff = 58.72297668457031
osc2_fine = 8.868240356445313
osc2_octave = 0
pitch_lfo_depth = 0.0
pitch_lfo_src = "Off"
resonance = 0.0
spread = 1.0
unison_detune = 16.688661575317383

[performance.lower]
